[[0.0, 0.4478021978021978, 0.8663003663003663, 1.0, 0.35714285714285715, 0.15384615384615385, 0.0, 0.3901098901098901, 0.29853479853479853, 0.03021978021978022, 0.2902930402930403, 0.2847985347985348, 0.28296703296703296, 0.08241758241758242, 0.0018315018315018315, 0.19963369963369965, 0.026556776556776556, 0.0018315018315018315, 0.18406593406593408, 0.17124542124542125, 0.0, 0.1510989010989011, 0.014652014652014652, 0.15476190476190477, 0.16391941391941392, 0.01098901098901099, 0.056776556776556776, 0.0018315018315018315, 0.01098901098901099, 0.007326007326007326, 0.054945054945054944, 0.018315018315018316, 0.03571428571428571, 0.10805860805860806, 0.0, 0.007326007326007326, 0.0009157509157509158, 0.0, 0.06501831501831502, 0.016483516483516484, 0.021062271062271064, 0.008241758241758242, 0.0521978021978022, 0.009157509157509158, 0.0009157509157509158, 0.02197802197802198, 0.06227106227106227, 0.02564102564102564, 0.047619047619047616, 0.056776556776556776, 0.007326007326007326, 0.016483516483516484, 0.0, 0.06227106227106227, 0.00641025641025641, 0.007326007326007326, 0.02197802197802198, 0.05128205128205128, 0.00641025641025641, 0.009157509157509158, 0.05128205128205128, 0.05128205128205128, 0.0, 0.0, 0.03021978021978022, 0.005494505494505495, 0.011904761904761904, 0.018315018315018316, 0.0018315018315018315, 0.0027472527472527475, 0.0027472527472527475, 0.01282051282051282, 0.007326007326007326, 0.0, 0.0027472527472527475, 0.0018315018315018315, 0.024725274725274724, 0.014652014652014652, 0.03296703296703297, 0.0009157509157509158, 0.024725274725274724, 0.010073260073260074, 0.029304029304029304, 0.008241758241758242, 0.0009157509157509158, 0.005494505494505495, 0.011904761904761904, 0.004578754578754579, 0.0, 0.0, 0.004578754578754579, 0.007326007326007326, 0.004578754578754579, 0.0018315018315018315, 0.010073260073260074, 0.0, 0.0, 0.024725274725274724, 0.010073260073260074, 0.018315018315018316], [0.4478021978021978, 0.0, 0.22985347985347984, 0.011904761904761904, 0.10622710622710622, 0.054945054945054944, 0.007326007326007326, 0.0018315018315018315, 0.048534798534798536, 0.12454212454212454, 0.02564102564102564, 0.0018315018315018315, 0.0018315018315018315, 0.054945054945054944, 0.014652014652014652, 0.03205128205128205, 0.08974358974358974, 0.007326007326007326, 0.03296703296703297, 0.03663003663003663, 0.0018315018315018315, 0.013736263736263736, 0.12545787545787546, 0.023809523809523808, 0.009157509157509158, 0.016483516483516484, 0.04395604395604396, 0.0027472527472527475, 0.04487179487179487, 0.013736263736263736, 0.06501831501831502, 0.08241758241758242, 0.020146520146520148, 0.01098901098901099, 0.0, 0.01098901098901099, 0.0, 0.0, 0.019230769230769232, 0.05311355311355311, 0.008241758241758242, 0.05402930402930403, 0.01098901098901099, 0.04945054945054945, 0.08333333333333333, 0.045787545787545784, 0.003663003663003663, 0.027472527472527472, 0.01282051282051282, 0.0009157509157509158, 0.047619047619047616, 0.00641025641025641, 0.0, 0.0027472527472527475, 0.0027472527472527475, 0.003663003663003663, 0.011904761904761904, 0.003663003663003663, 0.0027472527472527475, 0.016483516483516484, 0.0, 0.0, 0.04395604395604396, 0.04487179487179487, 0.00641025641025641, 0.0, 0.031135531135531136, 0.00641025641025641, 0.03388278388278388, 0.04212454212454213, 0.04212454212454213, 0.005494505494505495, 0.020146520146520148, 0.0, 0.0027472527472527475, 0.0, 0.00641025641025641, 0.0027472527472527475, 0.0018315018315018315, 0.038461538461538464, 0.005494505494505495, 0.014652014652014652, 0.007326007326007326, 0.004578754578754579, 0.008241758241758242, 0.022893772893772892, 0.0018315018315018315, 0.005494505494505495, 0.0009157509157509158, 0.0, 0.007326007326007326, 0.016483516483516484, 0.011904761904761904, 0.0018315018315018315, 0.01282051282051282, 0.0, 0.0, 0.00641025641025641, 0.015567765567765568, 0.0027472527472527475], [0.8663003663003663, 0.22985347985347984, 0.0, 0.007326007326007326, 0.14194139194139194, 0.06593406593406594, 0.0, 0.0009157509157509158, 0.27289377289377287, 0.016483516483516484, 0.023809523809523808, 0.0, 0.0, 0.048534798534798536, 0.0, 0.04395604395604396, 0.01282051282051282, 0.0, 0.1163003663003663, 0.022893772893772892, 0.0, 0.11721611721611722, 0.00641025641025641, 0.03388278388278388, 0.005494505494505495, 0.01282051282051282, 0.029304029304029304, 0.0009157509157509158, 0.009157509157509158, 0.0027472527472527475, 0.022893772893772892, 0.011904761904761904, 0.0173992673992674, 0.02197802197802198, 0.0, 0.007326007326007326, 0.0, 0.0, 0.028388278388278388, 0.0018315018315018315, 0.005494505494505495, 0.004578754578754579, 0.02197802197802198, 0.0027472527472527475, 0.0009157509157509158, 0.013736263736263736, 0.027472527472527472, 0.0173992673992674, 0.005494505494505495, 0.014652014652014652, 0.04487179487179487, 0.005494505494505495, 0.0, 0.003663003663003663, 0.004578754578754579, 0.003663003663003663, 0.020146520146520148, 0.0, 0.007326007326007326, 0.01098901098901099, 0.0, 0.0, 0.0, 0.0, 0.0173992673992674, 0.0009157509157509158, 0.008241758241758242, 0.015567765567765568, 0.0009157509157509158, 0.04212454212454213, 0.04212454212454213, 0.0027472527472527475, 0.0018315018315018315, 0.0, 0.0009157509157509158, 0.0009157509157509158, 0.0027472527472527475, 0.008241758241758242, 0.0027472527472527475, 0.0009157509157509158, 0.005494505494505495, 0.01282051282051282, 0.01098901098901099, 0.007326007326007326, 0.0, 0.0018315018315018315, 0.0018315018315018315, 0.0018315018315018315, 0.0, 0.0, 0.00641025641025641, 0.004578754578754579, 0.0009157509157509158, 0.0018315018315018315, 0.007326007326007326, 0.0, 0.0, 0.007326007326007326, 0.003663003663003663, 0.0018315018315018315], [1.0, 0.011904761904761904, 0.007326007326007326, 0.0, 0.009157509157509158, 0.0018315018315018315, 0.0, 0.0, 0.0009157509157509158, 0.0, 0.00641025641025641, 0.0, 0.0, 0.0, 0.0, 0.0027472527472527475, 0.004578754578754579, 0.0, 0.0018315018315018315, 0.003663003663003663, 0.0, 0.0, 0.0, 0.005494505494505495, 0.003663003663003663, 0.0027472527472527475, 0.0018315018315018315, 0.0, 0.0009157509157509158, 0.0, 0.0009157509157509158, 0.0, 0.0, 0.0009157509157509158, 0.0, 0.0, 0.0, 0.0, 0.0, 0.003663003663003663, 0.0, 0.0, 0.0027472527472527475, 0.0, 0.0, 0.003663003663003663, 0.0009157509157509158, 0.0009157509157509158, 0.0, 0.0, 0.0, 0.0, 0.0, 0.0, 0.0, 0.0, 0.0, 0.0, 0.0009157509157509158, 0.0009157509157509158, 0.0, 0.0, 0.0, 0.0, 0.0018315018315018315, 0.0, 0.0, 0.0009157509157509158, 0.0, 0.0, 0.0, 0.0009157509157509158, 0.0009157509157509158, 0.0, 0.0, 0.0, 0.0, 0.0, 0.0, 0.0, 0.0009157509157509158, 0.0, 0.004578754578754579, 0.0, 0.0, 0.0, 0.0, 0.0, 0.0, 0.0, 0.0, 0.0, 0.0, 0.0, 0.0, 0.0, 0.0, 0.0, 0.0009157509157509158, 0.0018315018315018315], [0.35714285714285715, 0.10622710622710622, 0.14194139194139194, 0.009157509157509158, 0.0, 0.016483516483516484, 0.0, 0.0, 0.018315018315018316, 0.003663003663003663, 0.01282051282051282, 0.0, 0.0, 0.023809523809523808, 0.0, 0.031135531135531136, 0.00641025641025641, 0.0, 0.009157509157509158, 0.029304029304029304, 0.0, 0.007326007326007326, 0.0009157509157509158, 0.013736263736263736, 0.005494505494505495, 0.0018315018315018315, 0.019230769230769232, 0.0, 0.0027472527472527475, 0.0027472527472527475, 0.014652014652014652, 0.0018315018315018315, 0.011904761904761904, 0.0027472527472527475, 0.0, 0.0009157509157509158, 0.0, 0.0, 0.0018315018315018315, 0.0009157509157509158, 0.0009157509157509158, 0.0018315018315018315, 0.004578754578754579, 0.0027472527472527475, 0.0, 0.009157509157509158, 0.0027472527472527475, 0.003663003663003663, 0.010073260073260074, 0.0018315018315018315, 0.0018315018315018315, 0.004578754578754579, 0.0, 0.0018315018315018315, 0.0018315018315018315, 0.0, 0.0027472527472527475, 0.0, 0.0018315018315018315, 0.003663003663003663, 0.0, 0.0, 0.0, 0.0, 0.003663003663003663, 0.0009157509157509158, 0.0018315018315018315, 0.003663003663003663, 0.0009157509157509158, 0.0009157509157509158, 0.0009157509157509158, 0.0018315018315018315, 0.00641025641025641, 0.0, 0.0009157509157509158, 0.0, 0.0018315018315018315, 0.0, 0.0009157509157509158, 0.0, 0.003663003663003663, 0.005494505494505495, 0.004578754578754579, 0.004578754578754579, 0.0, 0.0009157509157509158, 0.0009157509157509158, 0.0009157509157509158, 0.0, 0.0, 0.0027472527472527475, 0.0027472527472527475, 0.0, 0.0, 0.003663003663003663, 0.0, 0.0, 0.021062271062271064, 0.004578754578754579, 0.0009157509157509158], [0.15384615384615385, 0.054945054945054944, 0.06593406593406594, 0.0018315018315018315, 0.016483516483516484, 0.0, 0.0, 0.0009157509157509158, 0.005494505494505495, 0.0027472527472527475, 0.008241758241758242, 0.0, 0.0, 0.00641025641025641, 0.0, 0.009157509157509158, 0.0, 0.0, 0.003663003663003663, 0.02197802197802198, 0.0, 0.0027472527472527475, 0.0009157509157509158, 0.021062271062271064, 0.004578754578754579, 0.0027472527472527475, 0.0027472527472527475, 0.0, 0.0009157509157509158, 0.0, 0.01282051282051282, 0.0018315018315018315, 0.0, 0.0009157509157509158, 0.0, 0.0, 0.0, 0.0, 0.004578754578754579, 0.0, 0.0009157509157509158, 0.005494505494505495, 0.003663003663003663, 0.0009157509157509158, 0.0, 0.0018315018315018315, 0.015567765567765568, 0.028388278388278388, 0.016483516483516484, 0.0009157509157509158, 0.0, 0.0, 0.0, 0.0, 0.0018315018315018315, 0.0, 0.0009157509157509158, 0.0, 0.007326007326007326, 0.0009157509157509158, 0.0, 0.0, 0.0, 0.0, 0.0018315018315018315, 0.0, 0.0, 0.018315018315018316, 0.0, 0.0, 0.0, 0.0, 0.0009157509157509158, 0.0, 0.0, 0.0, 0.0009157509157509158, 0.003663003663003663, 0.027472527472527472, 0.0, 0.0009157509157509158, 0.0027472527472527475, 0.0009157509157509158, 0.0, 0.0, 0.0, 0.0009157509157509158, 0.0, 0.0, 0.0, 0.0, 0.01282051282051282, 0.0, 0.0009157509157509158, 0.0, 0.0, 0.0, 0.003663003663003663, 0.0009157509157509158, 0.0], [0.0, 0.007326007326007326, 0.0, 0.0, 0.0, 0.0, 0.0, 0.0, 0.0, 0.0, 0.0, 0.0, 0.0, 0.0018315018315018315, 0.19963369963369965, 0.0, 0.0, 0.19230769230769232, 0.0, 0.0, 0.009157509157509158, 0.0, 0.0, 0.0, 0.0, 0.0, 0.0, 0.0, 0.0, 0.0, 0.0, 0.0, 0.0, 0.0, 0.0, 0.0009157509157509158, 0.0, 0.0, 0.0, 0.0, 0.0, 0.0, 0.0, 0.0, 0.007326007326007326, 0.0, 0.0, 0.0, 0.0, 0.0, 0.0, 0.0, 0.056776556776556776, 0.0, 0.0, 0.0, 0.0, 0.0, 0.0, 0.0, 0.0, 0.0, 0.005494505494505495, 0.005494505494505495, 0.0, 0.0, 0.0, 0.0, 0.0, 0.0, 0.0, 0.0, 0.0, 0.0009157509157509158, 0.007326007326007326, 0.0, 0.0, 0.0, 0.0, 0.0, 0.0, 0.0, 0.0, 0.0, 0.0, 0.0, 0.0, 0.0, 0.0, 0.0, 0.0, 0.0, 0.0, 0.0, 0.0, 0.0, 0.0, 0.0, 0.0, 0.0], [0.3901098901098901, 0.0018315018315018315, 0.0009157509157509158, 0.0, 0.0, 0.0009157509157509158, 0.0, 0.0, 0.0, 0.0, 0.0, 0.28205128205128205, 0.2802197802197802, 0.0, 0.0, 0.0, 0.0, 0.0, 0.0, 0.0, 0.0, 0.0, 0.0018315018315018315, 0.0, 0.0, 0.0018315018315018315, 0.0, 0.0, 0.0, 0.0, 0.0009157509157509158, 0.0, 0.0, 0.0, 0.0, 0.0, 0.0, 0.0, 0.0009157509157509158, 0.0, 0.0, 0.0, 0.0, 0.0, 0.0, 0.0, 0.0009157509157509158, 0.0, 0.0009157509157509158, 0.0, 0.0, 0.0, 0.0, 0.0, 0.0, 0.0, 0.0, 0.0, 0.0, 0.0, 0.0, 0.0, 0.0, 0.0, 0.0, 0.0, 0.0, 0.0, 0.0, 0.0, 0.0, 0.0, 0.0, 0.0, 0.0, 0.0, 0.0, 0.0, 0.0, 0.0, 0.0, 0.0, 0.0, 0.0, 0.0, 0.0, 0.0, 0.0, 0.0, 0.0, 0.0, 0.0, 0.0, 0.0, 0.0, 0.0, 0.0, 0.0, 0.0, 0.0], [0.29853479853479853, 0.048534798534798536, 0.27289377289377287, 0.0009157509157509158, 0.018315018315018316, 0.005494505494505495, 0.0, 0.0, 0.0, 0.0009157509157509158, 0.004578754578754579, 0.0, 0.0, 0.016483516483516484, 0.0, 0.0173992673992674, 0.0027472527472527475, 0.0, 0.07142857142857142, 0.007326007326007326, 0.0, 0.10073260073260074, 0.0, 0.0027472527472527475, 0.0027472527472527475, 0.0018315018315018315, 0.004578754578754579, 0.0009157509157509158, 0.003663003663003663, 0.0009157509157509158, 0.0009157509157509158, 0.003663003663003663, 0.0018315018315018315, 0.01282051282051282, 0.0, 0.0018315018315018315, 0.0, 0.0, 0.0018315018315018315, 0.0009157509157509158, 0.004578754578754579, 0.0, 0.0027472527472527475, 0.0, 0.0009157509157509158, 0.0018315018315018315, 0.0027472527472527475, 0.0, 0.0018315018315018315, 0.0027472527472527475, 0.0, 0.003663003663003663, 0.0, 0.0027472527472527475, 0.0018315018315018315, 0.0009157509157509158, 0.0027472527472527475, 0.0, 0.0, 0.0018315018315018315, 0.0, 0.0, 0.0, 0.0, 0.0, 0.0009157509157509158, 0.0, 0.0009157509157509158, 0.0, 0.0, 0.0, 0.0, 0.0018315018315018315, 0.0, 0.0009157509157509158, 0.0, 0.0, 0.0009157509157509158, 0.0, 0.0, 0.0009157509157509158, 0.0009157509157509158, 0.0009157509157509158, 0.0018315018315018315, 0.0, 0.0, 0.0, 0.0, 0.0, 0.0, 0.0, 0.0, 0.0009157509157509158, 0.0009157509157509158, 0.0018315018315018315, 0.0, 0.0, 0.003663003663003663, 0.0, 0.0], [0.03021978021978022, 0.12454212454212454, 0.016483516483516484, 0.0, 0.003663003663003663, 0.0027472527472527475, 0.0, 0.0, 0.0009157509157509158, 0.0, 0.010073260073260074, 0.0, 0.0, 0.0009157509157509158, 0.0, 0.0009157509157509158, 0.0009157509157509158, 0.0, 0.0, 0.004578754578754579, 0.0, 0.0, 0.0, 0.0009157509157509158, 0.007326007326007326, 0.0027472527472527475, 0.0009157509157509158, 0.0, 0.0009157509157509158, 0.0, 0.0027472527472527475, 0.0009157509157509158, 0.0009157509157509158, 0.0, 0.0, 0.0, 0.0, 0.0, 0.0027472527472527475, 0.0, 0.0, 0.0, 0.0, 0.0, 0.0, 0.0018315018315018315, 0.0009157509157509158, 0.0, 0.0027472527472527475, 0.0, 0.0, 0.0009157509157509158, 0.0, 0.0, 0.0009157509157509158, 0.0018315018315018315, 0.0, 0.0, 0.0, 0.0, 0.0, 0.0, 0.0, 0.0, 0.0009157509157509158, 0.0009157509157509158, 0.0, 0.0, 0.0, 0.0, 0.0, 0.0018315018315018315, 0.0, 0.0, 0.0, 0.0009157509157509158, 0.0009157509157509158, 0.0027472527472527475, 0.0, 0.0018315018315018315, 0.0, 0.0018315018315018315, 0.0018315018315018315, 0.0, 0.0, 0.0, 0.0009157509157509158, 0.0, 0.0, 0.0, 0.0, 0.0, 0.0, 0.0, 0.0009157509157509158, 0.0, 0.0, 0.0, 0.0, 0.0009157509157509158], [0.2902930402930403, 0.02564102564102564, 0.023809523809523808, 0.00641025641025641, 0.01282051282051282, 0.008241758241758242, 0.0, 0.0, 0.004578754578754579, 0.010073260073260074, 0.0, 0.0, 0.0, 0.003663003663003663, 0.0018315018315018315, 0.007326007326007326, 0.003663003663003663, 0.0018315018315018315, 0.0027472527472527475, 0.0173992673992674, 0.0, 0.0027472527472527475, 0.0009157509157509158, 0.005494505494505495, 0.16391941391941392, 0.0, 0.0018315018315018315, 0.0, 0.0009157509157509158, 0.0018315018315018315, 0.007326007326007326, 0.003663003663003663, 0.0009157509157509158, 0.0027472527472527475, 0.0, 0.0, 0.0, 0.0, 0.0009157509157509158, 0.003663003663003663, 0.004578754578754579, 0.0009157509157509158, 0.0027472527472527475, 0.0009157509157509158, 0.0, 0.0027472527472527475, 0.0018315018315018315, 0.0, 0.003663003663003663, 0.0009157509157509158, 0.0, 0.0, 0.0, 0.0, 0.0009157509157509158, 0.0, 0.0009157509157509158, 0.0, 0.0, 0.0, 0.0, 0.0, 0.0, 0.0, 0.0018315018315018315, 0.0, 0.0, 0.0009157509157509158, 0.0, 0.0, 0.0, 0.0027472527472527475, 0.0, 0.0, 0.0, 0.0, 0.005494505494505495, 0.0027472527472527475, 0.0009157509157509158, 0.0, 0.003663003663003663, 0.0009157509157509158, 0.0027472527472527475, 0.0, 0.0, 0.0, 0.01098901098901099, 0.0009157509157509158, 0.0, 0.0, 0.0, 0.0, 0.0, 0.0, 0.0, 0.0, 0.0, 0.0027472527472527475, 0.0, 0.009157509157509158], [0.2847985347985348, 0.0018315018315018315, 0.0, 0.0, 0.0, 0.0, 0.0, 0.28205128205128205, 0.0, 0.0, 0.0, 0.0, 0.28296703296703296, 0.0, 0.0, 0.0, 0.0009157509157509158, 0.0, 0.0, 0.0, 0.0, 0.0, 0.0018315018315018315, 0.0, 0.0, 0.0, 0.0, 0.0, 0.0, 0.0, 0.0, 0.0, 0.0, 0.0, 0.0, 0.0, 0.0, 0.0, 0.0, 0.0, 0.0, 0.0, 0.0, 0.0, 0.0, 0.0, 0.0, 0.0, 0.0, 0.0, 0.0, 0.0, 0.0, 0.0, 0.0, 0.0, 0.0, 0.0, 0.0, 0.0, 0.0, 0.0, 0.0, 0.0, 0.0, 0.0, 0.0, 0.0, 0.0, 0.0, 0.0, 0.0, 0.0, 0.0, 0.0, 0.0, 0.0, 0.0, 0.0, 0.0, 0.0, 0.0, 0.0, 0.0, 0.0, 0.0, 0.0, 0.0, 0.0, 0.0, 0.0, 0.0, 0.0, 0.0, 0.0, 0.0, 0.0, 0.0, 0.0, 0.0], [0.28296703296703296, 0.0018315018315018315, 0.0, 0.0, 0.0, 0.0, 0.0, 0.2802197802197802, 0.0, 0.0, 0.0, 0.28296703296703296, 0.0, 0.0, 0.0, 0.0, 0.0009157509157509158, 0.0, 0.0, 0.0, 0.0, 0.0, 0.0018315018315018315, 0.0, 0.0, 0.0, 0.0, 0.0, 0.0, 0.0, 0.0, 0.0, 0.0, 0.0, 0.0, 0.0, 0.0, 0.0, 0.0, 0.0, 0.0, 0.0, 0.0, 0.0, 0.0, 0.0, 0.0, 0.0, 0.0, 0.0, 0.0, 0.0, 0.0, 0.0, 0.0, 0.0, 0.0, 0.0, 0.0, 0.0, 0.0, 0.0, 0.0, 0.0, 0.0, 0.0, 0.0, 0.0, 0.0, 0.0, 0.0, 0.0, 0.0, 0.0, 0.0, 0.0, 0.0, 0.0, 0.0, 0.0, 0.0, 0.0, 0.0, 0.0, 0.0, 0.0, 0.0, 0.0, 0.0, 0.0, 0.0, 0.0, 0.0, 0.0, 0.0, 0.0, 0.0, 0.0, 0.0, 0.0], [0.08241758241758242, 0.054945054945054944, 0.048534798534798536, 0.0, 0.023809523809523808, 0.00641025641025641, 0.0018315018315018315, 0.0, 0.016483516483516484, 0.0009157509157509158, 0.003663003663003663, 0.0, 0.0, 0.0, 0.008241758241758242, 0.011904761904761904, 0.029304029304029304, 0.0009157509157509158, 0.0173992673992674, 0.004578754578754579, 0.0, 0.003663003663003663, 0.0, 0.004578754578754579, 0.0018315018315018315, 0.0009157509157509158, 0.004578754578754579, 0.0009157509157509158, 0.01098901098901099, 0.0009157509157509158, 0.0009157509157509158, 0.00641025641025641, 0.003663003663003663, 0.0027472527472527475, 0.0, 0.0, 0.0009157509157509158, 0.0, 0.0009157509157509158, 0.003663003663003663, 0.0, 0.0, 0.007326007326007326, 0.0, 0.00641025641025641, 0.003663003663003663, 0.0018315018315018315, 0.0009157509157509158, 0.0027472527472527475, 0.0018315018315018315, 0.0009157509157509158, 0.0018315018315018315, 0.0, 0.0, 0.003663003663003663, 0.0009157509157509158, 0.011904761904761904, 0.0, 0.0009157509157509158, 0.0009157509157509158, 0.0, 0.0, 0.003663003663003663, 0.003663003663003663, 0.0018315018315018315, 0.0, 0.0009157509157509158, 0.0018315018315018315, 0.0, 0.0009157509157509158, 0.0009157509157509158, 0.0, 0.0009157509157509158, 0.0, 0.0, 0.0, 0.0, 0.0, 0.0009157509157509158, 0.0, 0.00641025641025641, 0.0, 0.0009157509157509158, 0.03205128205128205, 0.0, 0.0, 0.0, 0.0009157509157509158, 0.0, 0.0, 0.0, 0.0, 0.0, 0.0027472527472527475, 0.0, 0.0, 0.0, 0.0018315018315018315, 0.0, 0.0], [0.0018315018315018315, 0.014652014652014652, 0.0, 0.0, 0.0, 0.0, 0.19963369963369965, 0.0, 0.0, 0.0, 0.0018315018315018315, 0.0, 0.0, 0.008241758241758242, 0.0, 0.0, 0.0, 0.20695970695970695, 0.0, 0.0, 0.00641025641025641, 0.0, 0.0, 0.0, 0.0, 0.0, 0.0, 0.0, 0.0, 0.0, 0.0, 0.0, 0.0, 0.0, 0.0, 0.00641025641025641, 0.0, 0.0, 0.0, 0.0, 0.0, 0.0, 0.0, 0.0, 0.010073260073260074, 0.0, 0.0, 0.0, 0.0, 0.0, 0.0, 0.0, 0.06318681318681318, 0.0, 0.0, 0.0, 0.0, 0.0, 0.0, 0.0, 0.0, 0.0, 0.00641025641025641, 0.00641025641025641, 0.0, 0.0, 0.0, 0.0, 0.0, 0.0, 0.0, 0.0, 0.0, 0.0009157509157509158, 0.003663003663003663, 0.0, 0.0, 0.0, 0.0, 0.0, 0.0, 0.0, 0.0, 0.0, 0.0, 0.0, 0.0, 0.0, 0.0, 0.0, 0.0, 0.0, 0.0, 0.0, 0.0, 0.0, 0.0, 0.0, 0.0, 0.0], [0.19963369963369965, 0.03205128205128205, 0.04395604395604396, 0.0027472527472527475, 0.031135531135531136, 0.009157509157509158, 0.0, 0.0, 0.0173992673992674, 0.0009157509157509158, 0.007326007326007326, 0.0, 0.0, 0.011904761904761904, 0.0, 0.0, 0.0009157509157509158, 0.0, 0.021062271062271064, 0.013736263736263736, 0.0, 0.0027472527472527475, 0.0009157509157509158, 0.010073260073260074, 0.0018315018315018315, 0.0018315018315018315, 0.01098901098901099, 0.0, 0.0, 0.0018315018315018315, 0.008241758241758242, 0.0018315018315018315, 0.0018315018315018315, 0.0, 0.0, 0.0, 0.0, 0.0, 0.0018315018315018315, 0.0, 0.0018315018315018315, 0.0009157509157509158, 0.0018315018315018315, 0.0009157509157509158, 0.0009157509157509158, 0.0027472527472527475, 0.004578754578754579, 0.0009157509157509158, 0.003663003663003663, 0.0018315018315018315, 0.0009157509157509158, 0.0, 0.0, 0.0027472527472527475, 0.0009157509157509158, 0.0, 0.003663003663003663, 0.0, 0.0009157509157509158, 0.0027472527472527475, 0.0, 0.0, 0.0, 0.0, 0.0027472527472527475, 0.0, 0.0009157509157509158, 0.004578754578754579, 0.0, 0.0009157509157509158, 0.0009157509157509158, 0.0027472527472527475, 0.0027472527472527475, 0.0, 0.0, 0.0, 0.0, 0.0009157509157509158, 0.0009157509157509158, 0.0, 0.0009157509157509158, 0.0009157509157509158, 0.0009157509157509158, 0.0, 0.0, 0.0009157509157509158, 0.0, 0.0018315018315018315, 0.0, 0.0, 0.0, 0.0, 0.0, 0.0, 0.0027472527472527475, 0.0, 0.0, 0.0018315018315018315, 0.0009157509157509158, 0.0009157509157509158], [0.026556776556776556, 0.08974358974358974, 0.01282051282051282, 0.004578754578754579, 0.00641025641025641, 0.0, 0.0, 0.0, 0.0027472527472527475, 0.0009157509157509158, 0.003663003663003663, 0.0009157509157509158, 0.0009157509157509158, 0.029304029304029304, 0.0, 0.0009157509157509158, 0.0, 0.0, 0.0018315018315018315, 0.0, 0.0018315018315018315, 0.0, 0.0009157509157509158, 0.0009157509157509158, 0.003663003663003663, 0.0009157509157509158, 0.0018315018315018315, 0.0, 0.08791208791208792, 0.0, 0.0027472527472527475, 0.0, 0.0018315018315018315, 0.004578754578754579, 0.0, 0.0009157509157509158, 0.0, 0.0, 0.0, 0.07417582417582418, 0.0, 0.0, 0.0009157509157509158, 0.0, 0.0, 0.0009157509157509158, 0.0, 0.0, 0.0, 0.0, 0.0, 0.0, 0.0009157509157509158, 0.0, 0.0, 0.0, 0.0, 0.0, 0.0, 0.0009157509157509158, 0.0, 0.0, 0.0, 0.0, 0.0009157509157509158, 0.0009157509157509158, 0.0009157509157509158, 0.0, 0.0, 0.0, 0.0, 0.0, 0.0009157509157509158, 0.0, 0.0, 0.0, 0.0009157509157509158, 0.0, 0.0, 0.0, 0.0, 0.0009157509157509158, 0.0009157509157509158, 0.020146520146520148, 0.0, 0.0, 0.0, 0.0, 0.0, 0.0, 0.0, 0.0018315018315018315, 0.0, 0.0, 0.0, 0.0, 0.0, 0.0, 0.0009157509157509158, 0.0], [0.0018315018315018315, 0.007326007326007326, 0.0, 0.0, 0.0, 0.0, 0.19230769230769232, 0.0, 0.0, 0.0, 0.0018315018315018315, 0.0, 0.0, 0.0009157509157509158, 0.20695970695970695, 0.0, 0.0, 0.0, 0.0, 0.0, 0.0009157509157509158, 0.0, 0.0, 0.0, 0.0, 0.0, 0.0, 0.0018315018315018315, 0.0, 0.0, 0.0, 0.0, 0.0, 0.0, 0.0, 0.0027472527472527475, 0.0, 0.0, 0.0, 0.0, 0.0, 0.0, 0.0, 0.0, 0.00641025641025641, 0.0, 0.0, 0.0, 0.0, 0.0, 0.0, 0.0, 0.05952380952380952, 0.0, 0.0, 0.0, 0.0, 0.0, 0.0, 0.0, 0.0, 0.0, 0.00641025641025641, 0.00641025641025641, 0.0, 0.0, 0.0, 0.0, 0.0, 0.0, 0.0, 0.0, 0.0, 0.0009157509157509158, 0.004578754578754579, 0.0, 0.0, 0.0, 0.0, 0.0, 0.0, 0.0, 0.0, 0.0, 0.0, 0.0, 0.0, 0.0, 0.0, 0.0, 0.0, 0.0, 0.0, 0.0, 0.0, 0.0, 0.0, 0.0, 0.0, 0.0], [0.18406593406593408, 0.03296703296703297, 0.1163003663003663, 0.0018315018315018315, 0.009157509157509158, 0.003663003663003663, 0.0, 0.0, 0.07142857142857142, 0.0, 0.0027472527472527475, 0.0, 0.0, 0.0173992673992674, 0.0, 0.021062271062271064, 0.0018315018315018315, 0.0, 0.0, 0.004578754578754579, 0.0, 0.04304029304029304, 0.0, 0.0027472527472527475, 0.0009157509157509158, 0.0018315018315018315, 0.008241758241758242, 0.0, 0.0018315018315018315, 0.0, 0.0, 0.0018315018315018315, 0.0009157509157509158, 0.009157509157509158, 0.0, 0.0, 0.0009157509157509158, 0.0, 0.0018315018315018315, 0.0, 0.0009157509157509158, 0.0, 0.0009157509157509158, 0.0, 0.0009157509157509158, 0.0009157509157509158, 0.0009157509157509158, 0.0, 0.0009157509157509158, 0.0009157509157509158, 0.0009157509157509158, 0.0, 0.0, 0.003663003663003663, 0.0, 0.0, 0.0027472527472527475, 0.0, 0.0, 0.003663003663003663, 0.0, 0.0, 0.0, 0.0, 0.0, 0.0, 0.0, 0.0018315018315018315, 0.0, 0.0, 0.0, 0.0, 0.0009157509157509158, 0.0, 0.0009157509157509158, 0.0, 0.0, 0.0, 0.0, 0.0, 0.0009157509157509158, 0.0009157509157509158, 0.0009157509157509158, 0.0018315018315018315, 0.0, 0.0, 0.0, 0.0, 0.0, 0.0, 0.0, 0.0, 0.0, 0.0, 0.0009157509157509158, 0.0, 0.0, 0.0018315018315018315, 0.0, 0.0], [0.17124542124542125, 0.03663003663003663, 0.022893772893772892, 0.003663003663003663, 0.029304029304029304, 0.02197802197802198, 0.0, 0.0, 0.007326007326007326, 0.004578754578754579, 0.0173992673992674, 0.0, 0.0, 0.004578754578754579, 0.0, 0.013736263736263736, 0.0, 0.0, 0.004578754578754579, 0.0, 0.0, 0.0018315018315018315, 0.0009157509157509158, 0.009157509157509158, 0.011904761904761904, 0.0, 0.0018315018315018315, 0.0, 0.0, 0.0009157509157509158, 0.00641025641025641, 0.0018315018315018315, 0.0, 0.0, 0.0, 0.0009157509157509158, 0.0, 0.0, 0.0009157509157509158, 0.0, 0.0009157509157509158, 0.0, 0.0027472527472527475, 0.0, 0.0, 0.0018315018315018315, 0.0027472527472527475, 0.003663003663003663, 0.022893772893772892, 0.0009157509157509158, 0.003663003663003663, 0.0018315018315018315, 0.0, 0.0009157509157509158, 0.0, 0.0, 0.0027472527472527475, 0.0, 0.0009157509157509158, 0.0009157509157509158, 0.0, 0.0, 0.0, 0.0, 0.0027472527472527475, 0.0, 0.0, 0.007326007326007326, 0.0009157509157509158, 0.0018315018315018315, 0.0018315018315018315, 0.0018315018315018315, 0.0018315018315018315, 0.0, 0.0, 0.0, 0.0027472527472527475, 0.004578754578754579, 0.0009157509157509158, 0.0, 0.0018315018315018315, 0.003663003663003663, 0.004578754578754579, 0.0, 0.0, 0.0, 0.0, 0.0027472527472527475, 0.0, 0.0, 0.0, 0.0, 0.0, 0.0, 0.0027472527472527475, 0.0, 0.0, 0.0027472527472527475, 0.0, 0.01098901098901099], [0.0, 0.0018315018315018315, 0.0, 0.0, 0.0, 0.0, 0.009157509157509158, 0.0, 0.0, 0.0, 0.0, 0.0, 0.0, 0.0, 0.00641025641025641, 0.0, 0.0018315018315018315, 0.0009157509157509158, 0.0, 0.0, 0.0, 0.0, 0.0, 0.0, 0.0, 0.0, 0.0, 0.0, 0.0, 0.0, 0.0, 0.0, 0.0, 0.0, 0.0, 0.0018315018315018315, 0.0, 0.0, 0.0, 0.0, 0.0, 0.0, 0.0, 0.0, 0.0009157509157509158, 0.0, 0.0, 0.0, 0.0, 0.0, 0.0, 0.0, 0.00641025641025641, 0.0, 0.0, 0.0, 0.0, 0.0, 0.0, 0.0, 0.0, 0.0, 0.0, 0.0, 0.0, 0.0, 0.0, 0.0, 0.0, 0.0, 0.0, 0.0, 0.0, 0.0, 0.0, 0.0, 0.0, 0.0, 0.0, 0.0, 0.0, 0.0, 0.0, 0.0, 0.0, 0.0, 0.0, 0.0, 0.0, 0.0, 0.0, 0.0, 0.0, 0.0, 0.0, 0.0, 0.0, 0.0, 0.0, 0.0], [0.1510989010989011, 0.013736263736263736, 0.11721611721611722, 0.0, 0.007326007326007326, 0.0027472527472527475, 0.0, 0.0, 0.10073260073260074, 0.0, 0.0027472527472527475, 0.0, 0.0, 0.003663003663003663, 0.0, 0.0027472527472527475, 0.0, 0.0, 0.04304029304029304, 0.0018315018315018315, 0.0, 0.0, 0.0, 0.0009157509157509158, 0.0009157509157509158, 0.0, 0.0009157509157509158, 0.0, 0.0, 0.0, 0.0, 0.0009157509157509158, 0.0, 0.013736263736263736, 0.0, 0.0, 0.0, 0.0, 0.0009157509157509158, 0.0, 0.0, 0.0, 0.0009157509157509158, 0.0, 0.0, 0.0009157509157509158, 0.0018315018315018315, 0.0, 0.0009157509157509158, 0.0009157509157509158, 0.0, 0.0, 0.0, 0.014652014652014652, 0.0018315018315018315, 0.0, 0.0009157509157509158, 0.0, 0.0, 0.0, 0.0, 0.0, 0.0, 0.0, 0.0, 0.0, 0.0, 0.0009157509157509158, 0.0, 0.0, 0.0, 0.0, 0.0, 0.0, 0.0009157509157509158, 0.0, 0.0, 0.0009157509157509158, 0.0, 0.0, 0.0009157509157509158, 0.0, 0.0018315018315018315, 0.0009157509157509158, 0.0, 0.0, 0.0, 0.0, 0.0, 0.0, 0.0, 0.0, 0.0, 0.0009157509157509158, 0.0, 0.0, 0.0, 0.0009157509157509158, 0.0, 0.0], [0.014652014652014652, 0.12545787545787546, 0.00641025641025641, 0.0, 0.0009157509157509158, 0.0009157509157509158, 0.0, 0.0018315018315018315, 0.0, 0.0, 0.0009157509157509158, 0.0018315018315018315, 0.0018315018315018315, 0.0, 0.0, 0.0009157509157509158, 0.0009157509157509158, 0.0, 0.0, 0.0009157509157509158, 0.0, 0.0, 0.0, 0.0, 0.0, 0.0018315018315018315, 0.0018315018315018315, 0.0, 0.0, 0.0018315018315018315, 0.0027472527472527475, 0.0, 0.0018315018315018315, 0.0, 0.0, 0.0018315018315018315, 0.0, 0.0, 0.0018315018315018315, 0.0, 0.0, 0.0009157509157509158, 0.0, 0.0, 0.0, 0.0009157509157509158, 0.0009157509157509158, 0.0, 0.0, 0.0, 0.0, 0.0, 0.0, 0.0, 0.0, 0.0, 0.0, 0.0, 0.0, 0.0, 0.0, 0.0, 0.0, 0.0, 0.0009157509157509158, 0.0, 0.0009157509157509158, 0.0, 0.0009157509157509158, 0.0, 0.0, 0.0, 0.0, 0.0, 0.0, 0.0, 0.0, 0.0, 0.0, 0.0, 0.0, 0.0, 0.0018315018315018315, 0.0, 0.0, 0.0, 0.0, 0.0, 0.0, 0.0, 0.0, 0.0, 0.0, 0.0, 0.0, 0.0, 0.0, 0.0, 0.0, 0.0009157509157509158], [0.15476190476190477, 0.023809523809523808, 0.03388278388278388, 0.005494505494505495, 0.013736263736263736, 0.021062271062271064, 0.0, 0.0, 0.0027472527472527475, 0.0009157509157509158, 0.005494505494505495, 0.0, 0.0, 0.004578754578754579, 0.0, 0.010073260073260074, 0.0009157509157509158, 0.0, 0.0027472527472527475, 0.009157509157509158, 0.0, 0.0009157509157509158, 0.0, 0.0, 0.0009157509157509158, 0.0027472527472527475, 0.0018315018315018315, 0.0, 0.0009157509157509158, 0.0009157509157509158, 0.003663003663003663, 0.0009157509157509158, 0.0009157509157509158, 0.0009157509157509158, 0.0, 0.0, 0.0, 0.0, 0.0009157509157509158, 0.0, 0.0009157509157509158, 0.0009157509157509158, 0.0027472527472527475, 0.0009157509157509158, 0.0, 0.008241758241758242, 0.0018315018315018315, 0.014652014652014652, 0.0009157509157509158, 0.0009157509157509158, 0.0, 0.0, 0.0, 0.0009157509157509158, 0.0, 0.0, 0.0018315018315018315, 0.0, 0.004578754578754579, 0.0009157509157509158, 0.0, 0.0, 0.0, 0.0, 0.0027472527472527475, 0.0, 0.0009157509157509158, 0.008241758241758242, 0.0, 0.0, 0.0, 0.0, 0.0009157509157509158, 0.0, 0.0, 0.0, 0.0009157509157509158, 0.0, 0.0, 0.0, 0.0027472527472527475, 0.0018315018315018315, 0.007326007326007326, 0.0, 0.0, 0.0, 0.0009157509157509158, 0.0, 0.0, 0.0, 0.0, 0.0, 0.0, 0.0, 0.0, 0.0, 0.0, 0.0027472527472527475, 0.0009157509157509158, 0.0009157509157509158], [0.16391941391941392, 0.009157509157509158, 0.005494505494505495, 0.003663003663003663, 0.005494505494505495, 0.004578754578754579, 0.0, 0.0, 0.0027472527472527475, 0.007326007326007326, 0.16391941391941392, 0.0, 0.0, 0.0018315018315018315, 0.0, 0.0018315018315018315, 0.003663003663003663, 0.0, 0.0009157509157509158, 0.011904761904761904, 0.0, 0.0009157509157509158, 0.0, 0.0009157509157509158, 0.0, 0.0, 0.0, 0.0, 0.0009157509157509158, 0.0009157509157509158, 0.0, 0.0027472527472527475, 0.0009157509157509158, 0.0027472527472527475, 0.0, 0.0, 0.0, 0.0, 0.0009157509157509158, 0.003663003663003663, 0.003663003663003663, 0.0, 0.0018315018315018315, 0.0, 0.0, 0.0009157509157509158, 0.0009157509157509158, 0.0, 0.0027472527472527475, 0.0009157509157509158, 0.0, 0.0, 0.0, 0.0, 0.0009157509157509158, 0.0, 0.0, 0.0, 0.0, 0.0, 0.0, 0.0, 0.0, 0.0, 0.0, 0.0, 0.0, 0.0009157509157509158, 0.0, 0.0, 0.0, 0.0027472527472527475, 0.0, 0.0, 0.0, 0.0, 0.0009157509157509158, 0.0027472527472527475, 0.0009157509157509158, 0.0, 0.0018315018315018315, 0.0009157509157509158, 0.0009157509157509158, 0.0, 0.0, 0.0, 0.0018315018315018315, 0.0, 0.0, 0.0, 0.0, 0.0, 0.0, 0.0, 0.0, 0.0, 0.0, 0.0018315018315018315, 0.0, 0.0018315018315018315], [0.01098901098901099, 0.016483516483516484, 0.01282051282051282, 0.0027472527472527475, 0.0018315018315018315, 0.0027472527472527475, 0.0, 0.0018315018315018315, 0.0018315018315018315, 0.0027472527472527475, 0.0, 0.0, 0.0, 0.0009157509157509158, 0.0, 0.0018315018315018315, 0.0009157509157509158, 0.0, 0.0018315018315018315, 0.0, 0.0, 0.0, 0.0018315018315018315, 0.0027472527472527475, 0.0, 0.0, 0.0009157509157509158, 0.0, 0.0009157509157509158, 0.0018315018315018315, 0.0018315018315018315, 0.0009157509157509158, 0.0009157509157509158, 0.0, 0.0, 0.0, 0.0, 0.0, 0.0, 0.0, 0.0018315018315018315, 0.003663003663003663, 0.0, 0.0009157509157509158, 0.0, 0.0, 0.0, 0.0, 0.0027472527472527475, 0.0009157509157509158, 0.0, 0.0, 0.0, 0.0, 0.0, 0.0, 0.0009157509157509158, 0.0, 0.0, 0.0009157509157509158, 0.0, 0.0, 0.0, 0.0, 0.0009157509157509158, 0.0, 0.0009157509157509158, 0.0, 0.0018315018315018315, 0.0, 0.0, 0.0018315018315018315, 0.0, 0.0, 0.0, 0.0, 0.0, 0.0, 0.0, 0.0, 0.0, 0.0027472527472527475, 0.0, 0.0, 0.0, 0.0009157509157509158, 0.0, 0.0009157509157509158, 0.0, 0.0, 0.0, 0.0, 0.0, 0.0, 0.0, 0.0, 0.0018315018315018315, 0.0, 0.0, 0.0], [0.056776556776556776, 0.04395604395604396, 0.029304029304029304, 0.0018315018315018315, 0.019230769230769232, 0.0027472527472527475, 0.0, 0.0, 0.004578754578754579, 0.0009157509157509158, 0.0018315018315018315, 0.0, 0.0, 0.004578754578754579, 0.0, 0.01098901098901099, 0.0018315018315018315, 0.0, 0.008241758241758242, 0.0018315018315018315, 0.0, 0.0009157509157509158, 0.0018315018315018315, 0.0018315018315018315, 0.0, 0.0009157509157509158, 0.0, 0.0, 0.0027472527472527475, 0.0, 0.007326007326007326, 0.0, 0.0009157509157509158, 0.0, 0.0, 0.0, 0.0, 0.0, 0.0009157509157509158, 0.0, 0.0, 0.0009157509157509158, 0.0027472527472527475, 0.0, 0.0, 0.0009157509157509158, 0.007326007326007326, 0.0, 0.003663003663003663, 0.014652014652014652, 0.0009157509157509158, 0.0, 0.0, 0.0009157509157509158, 0.0, 0.0009157509157509158, 0.0009157509157509158, 0.0, 0.0, 0.0009157509157509158, 0.0, 0.0, 0.0, 0.0, 0.007326007326007326, 0.0, 0.0009157509157509158, 0.0, 0.0009157509157509158, 0.0, 0.0, 0.0, 0.0018315018315018315, 0.0, 0.0, 0.0, 0.0, 0.0, 0.0, 0.0, 0.0, 0.0018315018315018315, 0.0018315018315018315, 0.0, 0.0, 0.0, 0.0, 0.0009157509157509158, 0.0, 0.0, 0.0, 0.0009157509157509158, 0.0, 0.0, 0.0009157509157509158, 0.0, 0.0, 0.0, 0.0027472527472527475, 0.0009157509157509158], [0.0018315018315018315, 0.0027472527472527475, 0.0009157509157509158, 0.0, 0.0, 0.0, 0.0, 0.0, 0.0009157509157509158, 0.0, 0.0, 0.0, 0.0, 0.0009157509157509158, 0.0, 0.0, 0.0, 0.0018315018315018315, 0.0, 0.0, 0.0, 0.0, 0.0, 0.0, 0.0, 0.0, 0.0, 0.0, 0.0, 0.0, 0.0, 0.0, 0.0, 0.0, 0.0, 0.0, 0.0, 0.0, 0.0, 0.0, 0.0, 0.0, 0.0, 0.0, 0.0, 0.0, 0.0, 0.0, 0.0, 0.0, 0.0, 0.0, 0.0, 0.0, 0.0, 0.0, 0.0, 0.0, 0.0, 0.0, 0.0, 0.0, 0.0, 0.0, 0.0, 0.0, 0.0, 0.0, 0.0, 0.0, 0.0, 0.0, 0.0, 0.0, 0.0, 0.0009157509157509158, 0.0, 0.0, 0.0, 0.0, 0.0, 0.0, 0.0, 0.0009157509157509158, 0.0, 0.0, 0.0, 0.0, 0.0, 0.0, 0.0, 0.0, 0.0, 0.0, 0.0, 0.0, 0.0, 0.0, 0.0, 0.0], [0.01098901098901099, 0.04487179487179487, 0.009157509157509158, 0.0009157509157509158, 0.0027472527472527475, 0.0009157509157509158, 0.0, 0.0, 0.003663003663003663, 0.0009157509157509158, 0.0009157509157509158, 0.0, 0.0, 0.01098901098901099, 0.0, 0.0, 0.08791208791208792, 0.0, 0.0018315018315018315, 0.0, 0.0, 0.0, 0.0, 0.0009157509157509158, 0.0009157509157509158, 0.0009157509157509158, 0.0027472527472527475, 0.0, 0.0, 0.0, 0.0018315018315018315, 0.0, 0.0018315018315018315, 0.0, 0.0, 0.0, 0.0, 0.0, 0.0, 0.0, 0.0, 0.0, 0.0009157509157509158, 0.0, 0.0, 0.0009157509157509158, 0.0, 0.0, 0.0, 0.0, 0.003663003663003663, 0.0, 0.0, 0.0, 0.0, 0.0, 0.0, 0.0, 0.0, 0.0, 0.0, 0.0, 0.0, 0.0, 0.0009157509157509158, 0.0009157509157509158, 0.0009157509157509158, 0.0, 0.0, 0.0, 0.0, 0.0, 0.0009157509157509158, 0.0, 0.0, 0.0, 0.0009157509157509158, 0.0, 0.0, 0.0, 0.0, 0.0009157509157509158, 0.0009157509157509158, 0.0018315018315018315, 0.0, 0.0, 0.0, 0.0, 0.0, 0.0, 0.0009157509157509158, 0.0018315018315018315, 0.0, 0.0, 0.0, 0.0, 0.0, 0.0, 0.0009157509157509158, 0.0], [0.007326007326007326, 0.013736263736263736, 0.0027472527472527475, 0.0, 0.0027472527472527475, 0.0, 0.0, 0.0, 0.0009157509157509158, 0.0, 0.0018315018315018315, 0.0, 0.0, 0.0009157509157509158, 0.0, 0.0018315018315018315, 0.0, 0.0, 0.0, 0.0009157509157509158, 0.0, 0.0, 0.0018315018315018315, 0.0009157509157509158, 0.0009157509157509158, 0.0018315018315018315, 0.0, 0.0, 0.0, 0.0, 0.0009157509157509158, 0.0009157509157509158, 0.0009157509157509158, 0.0, 0.0, 0.0009157509157509158, 0.0, 0.0, 0.0009157509157509158, 0.0, 0.0009157509157509158, 0.0, 0.0, 0.0, 0.0, 0.0, 0.0009157509157509158, 0.0, 0.0, 0.0, 0.0, 0.0009157509157509158, 0.0, 0.0, 0.0, 0.0, 0.0, 0.0, 0.0, 0.0009157509157509158, 0.0, 0.0, 0.0, 0.0, 0.0, 0.0, 0.0, 0.0, 0.0, 0.0, 0.0, 0.0, 0.0009157509157509158, 0.0, 0.0, 0.0, 0.0, 0.0, 0.0, 0.0, 0.0, 0.0, 0.0, 0.0, 0.0, 0.0, 0.0, 0.0, 0.0, 0.0, 0.0, 0.0009157509157509158, 0.0, 0.0, 0.0, 0.0, 0.0, 0.0, 0.0009157509157509158, 0.0], [0.054945054945054944, 0.06501831501831502, 0.022893772893772892, 0.0009157509157509158, 0.014652014652014652, 0.01282051282051282, 0.0, 0.0009157509157509158, 0.0009157509157509158, 0.0027472527472527475, 0.007326007326007326, 0.0, 0.0, 0.0009157509157509158, 0.0, 0.008241758241758242, 0.0027472527472527475, 0.0, 0.0, 0.00641025641025641, 0.0, 0.0, 0.0027472527472527475, 0.003663003663003663, 0.0, 0.0018315018315018315, 0.007326007326007326, 0.0, 0.0018315018315018315, 0.0009157509157509158, 0.0, 0.0009157509157509158, 0.0018315018315018315, 0.0, 0.0, 0.0018315018315018315, 0.0, 0.0, 0.0009157509157509158, 0.0, 0.0, 0.003663003663003663, 0.0027472527472527475, 0.0018315018315018315, 0.0, 0.005494505494505495, 0.0027472527472527475, 0.0, 0.003663003663003663, 0.0, 0.0009157509157509158, 0.005494505494505495, 0.0, 0.0, 0.0, 0.0, 0.0009157509157509158, 0.0, 0.0, 0.0009157509157509158, 0.0, 0.0, 0.0, 0.0, 0.005494505494505495, 0.0, 0.0009157509157509158, 0.0, 0.018315018315018316, 0.0, 0.0, 0.0, 0.0, 0.0, 0.0, 0.0, 0.0009157509157509158, 0.0, 0.0009157509157509158, 0.0, 0.0018315018315018315, 0.003663003663003663, 0.005494505494505495, 0.0, 0.0, 0.0009157509157509158, 0.0027472527472527475, 0.0, 0.0, 0.0, 0.0, 0.0, 0.0, 0.0, 0.0018315018315018315, 0.0, 0.0, 0.0, 0.003663003663003663, 0.0018315018315018315], [0.018315018315018316, 0.08241758241758242, 0.011904761904761904, 0.0, 0.0018315018315018315, 0.0018315018315018315, 0.0, 0.0, 0.003663003663003663, 0.0009157509157509158, 0.003663003663003663, 0.0, 0.0, 0.00641025641025641, 0.0, 0.0018315018315018315, 0.0, 0.0, 0.0018315018315018315, 0.0018315018315018315, 0.0, 0.0009157509157509158, 0.0, 0.0009157509157509158, 0.0027472527472527475, 0.0009157509157509158, 0.0, 0.0, 0.0, 0.0009157509157509158, 0.0009157509157509158, 0.0, 0.0018315018315018315, 0.0, 0.0, 0.0, 0.0, 0.0, 0.0009157509157509158, 0.0009157509157509158, 0.0018315018315018315, 0.0, 0.0009157509157509158, 0.0, 0.0, 0.0009157509157509158, 0.003663003663003663, 0.0, 0.0018315018315018315, 0.0009157509157509158, 0.0009157509157509158, 0.0009157509157509158, 0.0, 0.0, 0.0, 0.0, 0.0, 0.0, 0.0, 0.0, 0.0, 0.0, 0.0, 0.0, 0.0, 0.0, 0.0, 0.0009157509157509158, 0.0, 0.0009157509157509158, 0.0009157509157509158, 0.0, 0.0, 0.0, 0.0, 0.0, 0.0, 0.0, 0.0, 0.0, 0.0009157509157509158, 0.0, 0.0, 0.0, 0.0, 0.0, 0.0, 0.0, 0.0, 0.0, 0.0, 0.0, 0.0, 0.0, 0.0, 0.0, 0.0, 0.0009157509157509158, 0.0, 0.0], [0.03571428571428571, 0.020146520146520148, 0.0173992673992674, 0.0, 0.011904761904761904, 0.0, 0.0, 0.0, 0.0018315018315018315, 0.0009157509157509158, 0.0009157509157509158, 0.0, 0.0, 0.003663003663003663, 0.0, 0.0018315018315018315, 0.0018315018315018315, 0.0, 0.0009157509157509158, 0.0, 0.0, 0.0, 0.0018315018315018315, 0.0009157509157509158, 0.0009157509157509158, 0.0009157509157509158, 0.0009157509157509158, 0.0, 0.0018315018315018315, 0.0009157509157509158, 0.0018315018315018315, 0.0018315018315018315, 0.0, 0.0, 0.0, 0.0, 0.0, 0.0, 0.0, 0.0, 0.0018315018315018315, 0.0009157509157509158, 0.0, 0.0009157509157509158, 0.0, 0.0018315018315018315, 0.0, 0.0, 0.0, 0.0, 0.0, 0.0, 0.0, 0.0, 0.0, 0.0, 0.0, 0.0, 0.0, 0.0009157509157509158, 0.0, 0.0, 0.0, 0.0, 0.0009157509157509158, 0.0009157509157509158, 0.007326007326007326, 0.0, 0.0, 0.0, 0.0, 0.0, 0.0, 0.0, 0.0, 0.0, 0.0, 0.0, 0.0, 0.0, 0.0, 0.0009157509157509158, 0.003663003663003663, 0.0009157509157509158, 0.0, 0.0009157509157509158, 0.0, 0.0009157509157509158, 0.0, 0.0, 0.0, 0.0, 0.0, 0.0, 0.0009157509157509158, 0.0, 0.0, 0.0009157509157509158, 0.0009157509157509158, 0.0], [0.10805860805860806, 0.01098901098901099, 0.02197802197802198, 0.0009157509157509158, 0.0027472527472527475, 0.0009157509157509158, 0.0, 0.0, 0.01282051282051282, 0.0, 0.0027472527472527475, 0.0, 0.0, 0.0027472527472527475, 0.0, 0.0, 0.004578754578754579, 0.0, 0.009157509157509158, 0.0, 0.0, 0.013736263736263736, 0.0, 0.0009157509157509158, 0.0027472527472527475, 0.0, 0.0, 0.0, 0.0, 0.0, 0.0, 0.0, 0.0, 0.0, 0.0, 0.0009157509157509158, 0.0, 0.0, 0.0018315018315018315, 0.004578754578754579, 0.0009157509157509158, 0.0, 0.003663003663003663, 0.0, 0.0, 0.0018315018315018315, 0.0, 0.0, 0.0, 0.0009157509157509158, 0.0, 0.0, 0.0, 0.0, 0.0, 0.0009157509157509158, 0.003663003663003663, 0.0, 0.0, 0.0, 0.0, 0.0, 0.0, 0.0, 0.0, 0.0, 0.0009157509157509158, 0.0, 0.0, 0.0, 0.0, 0.0, 0.0, 0.0, 0.0, 0.0, 0.0, 0.0, 0.0, 0.0009157509157509158, 0.0, 0.0, 0.0009157509157509158, 0.0009157509157509158, 0.0, 0.0, 0.0, 0.0, 0.0, 0.0, 0.0, 0.0, 0.0, 0.0, 0.0, 0.0, 0.0, 0.0, 0.0, 0.0], [0.0, 0.0, 0.0, 0.0, 0.0, 0.0, 0.0, 0.0, 0.0, 0.0, 0.0, 0.0, 0.0, 0.0, 0.0, 0.0, 0.0, 0.0, 0.0, 0.0, 0.0, 0.0, 0.0, 0.0, 0.0, 0.0, 0.0, 0.0, 0.0, 0